1000
12 89 45
2 23 92
63 65 8
74 13 28
89 57 82
54 14 21
57 100 54
44 56 80
78 29 46
73 36 21
90 14 81
76 70 68
85 41 2
13 25 94
75 100 59
18 31 87
35 5 45
90 1 51
29 26 29
11 90 30
35 22 56
85 14 46
79 42 19
58 82 68
15 81 36
79 43 60
31 4 67
0 2 31
17 25 14
33 98 33
62 48 56
32 1 13
39 24 81
34 67 33
0 59 2
65 21 88
76 99 38
72 21 82
29 84 44
53 51 99
79 69 71
0 17 10
45 11 80
64 66 97
60 55 83
9 70 11
88 9 13
30 45 1
89 72 35
28 13 30
44 47 74
87 30 9
80 79 59
48 77 16
30 65 23
78 24 20
0 10 2
30 5 14
54 8 93
48 14 32
59 88 31
49 3 99
76 70 41
79 62 75
42 53 65
60 3 16
48 22 72
49 81 17
30 37 57
99 89 16
44 62 27
8 9 14
2 5 91
63 8 86
1 40 28
1 57 95
16 0 91
35 10 100
4 15 14
73 78 63
62 100 53
6 59 88
91 75 33
65 37 49
53 25 98
32 14 71
90 12 34
46 63 39
26 84 63
84 44 18
53 40 29
100 50 0
72 78 19
39 80 45
9 95 18
48 42 48
63 58 93
27 12 25
16 14 55
24 39 55
28 65 35
50 43 7
84 64 73
13 24 9
19 35 84
74 61 63
90 90 23
41 18 29
33 58 9
19 74 38
93 62 54
5 15 57
70 17 7
18 43 23
87 28 20
46 88 68
15 11 41
59 83 60
2 25 14
27 12 15
19 73 81
24 58 8
84 8 61
53 97 2
24 56 91
95 79 30
77 80 70
14 21 72
92 75 25
46 72 87
54 58 56
41 8 32
93 70 59
42 37 37
74 40 29
91 46 76
4 64 56
44 23 76
7 45 35
15 13 87
85 20 65
64 6 46
60 94 11
31 11 57
7 7 95
78 37 18
28 83 65
42 5 79
16 21 92
62 86 11
78 82 35
38 97 54
0 72 16
78 6 97
94 62 52
64 63 65
74 66 31
11 2 70
64 72 17
56 27 13
58 79 34
81 31 53
44 68 86
12 21 50
38 95 98
17 10 46
83 78 69
35 94 87
35 39 69
81 51 26
70 56 55
86 16 54
30 84 37
45 97 84
41 84 21
9 47 21
12 97 99
89 75 57
46 63 76
96 29 22
6 35 12
39 77 39
73 73 12
84 6 63
72 14 31
79 59 71
59 24 2
86 10 62
63 67 62
65 68 28
22 85 91
32 40 85
23 21 65
83 91 98
44 57 71
24 1 0
7 0 2
19 74 6
46 52 70
53 93 87
28 47 80
92 72 77
46 33 29
84 72 15
37 99 17
43 14 1
53 99 55
6 91 62
68 10 73
12 99 40
13 94 82
15 77 90
85 96 8
50 49 81
66 61 41
29 36 84
42 15 45
28 62 2
8 66 49
85 23 10
39 23 17
86 40 39
8 57 71
95 82 93
86 0 3
19 24 24
37 21 67
21 38 31
84 49 69
27 74 54
9 56 96
92 16 97
66 13 60
31 80 76
65 67 99
38 38 38
48 97 32
93 46 60
33 55 87
35 73 56
37 0 79
63 13 62
28 53 79
54 6 61
97 10 36
87 53 29
28 63 49
7 61 9
91 68 82
19 85 35
71 10 20
52 19 36
10 95 69
70 87 88
69 77 42
42 41 18
87 20 29
8 32 38
53 87 45
65 64 64
94 63 14
65 6 28
49 8 67
31 96 40
20 62 71
52 25 49
10 92 78
43 8 13
21 73 52
63 6 26
3 41 13
65 92 81
64 74 43
84 28 9
27 61 0
15 12 46
70 73 60
37 72 24
89 44 74
88 87 21
28 66 80
90 97 52
8 45 73
62 94 58
99 97 44
52 34 29
47 80 61
41 96 87
70 87 74
49 15 83
37 46 84
1 15 85
65 33 21
49 82 47
96 41 75
70 31 77
42 77 79
20 97 80
99 22 10
72 36 31
72 15 43
24 12 69
60 38 63
86 90 1
2 55 31
2 77 17
40 95 92
19 24 95
100 64 8
10 85 73
23 70 27
85 19 54
71 45 17
9 84 62
73 69 76
85 94 77
88 14 51
79 55 35
99 85 90
88 61 66
3 89 57
93 34 82
30 92 57
59 91 96
95 35 83
3 72 53
60 16 44
27 67 92
36 23 61
21 58 36
54 41 0
67 49 66
95 52 54
2 7 40
54 36 9
45 44 84
59 21 80
95 17 86
27 74 96
44 60 51
37 47 98
15 29 96
15 69 54
29 95 90
42 60 69
29 27 54
86 48 17
85 76 38
38 50 63
48 7 73
63 39 25
71 5 35
17 6 39
46 33 14
52 96 68
39 56 96
9 96 64
41 5 21
61 6 45
51 3 31
16 11 22
81 93 95
85 93 15
43 31 22
46 55 82
38 42 52
19 16 95
39 18 51
84 73 74
87 47 24
17 11 24
21 58 79
65 54 84
22 81 68
30 54 41
78 34 63
57 96 15
96 27 11
33 63 54
4 84 16
69 48 48
84 48 17
79 97 84
13 63 1
82 25 50
8 11 81
60 24 50
87 22 57
44 4 90
29 88 79
23 32 86
36 47 59
32 9 23
13 55 44
23 29 67
97 58 84
86 12 86
17 69 27
10 60 42
69 94 70
41 32 24
43 37 19
35 96 39
71 59 52
71 17 1
26 27 56
31 59 56
48 31 40
99 60 43
91 49 60
62 41 84
68 81 25
95 30 87
39 32 27
47 9 12
41 70 93
23 64 19
78 89 87
27 4 3
30 60 42
100 41 82
39 58 53
44 23 82
48 88 52
87 6 71
62 38 51
21 30 67
100 71 100
68 71 70
12 38 1
44 25 80
1 100 83
78 63 80
86 71 55
12 42 43
65 6 0
76 31 23
27 36 12
83 90 31
33 17 78
39 49 5
78 83 3
79 81 28
1 98 52
76 7 37
69 86 53
16 84 38
98 9 67
89 67 72
94 24 74
18 86 76
67 60 33
61 4 19
18 6 28
100 46 83
62 10 59
53 87 5
83 81 40
88 30 55
95 29 37
91 76 79
96 64 17
45 22 31
43 19 37
54 32 73
72 43 74
54 7 16
22 28 4
66 98 87
95 80 0
13 33 16
71 73 41
30 78 34
69 96 36
59 88 6
44 68 94
80 61 25
30 26 5
75 47 59
28 4 28
8 32 80
11 64 71
80 52 36
43 96 48
95 76 26
15 37 33
17 87 36
99 85 62
47 23 92
69 83 0
76 73 5
12 13 100
40 15 67
30 58 32
73 10 72
27 3 18
41 70 82
63 27 10
6 99 74
35 93 19
68 24 76
62 12 79
15 47 48
19 76 21
29 94 16
32 1 2
27 72 81
74 57 40
26 71 5
93 29 0
66 82 43
2 91 24
77 89 6
79 5 28
39 69 64
97 32 31
66 67 39
57 50 67
56 92 73
20 42 33
78 51 35
44 6 11
17 23 38
92 96 51
83 26 46
100 77 3
17 74 92
51 46 23
93 39 41
19 1 37
7 31 88
67 26 90
74 47 80
51 15 9
60 69 73
34 99 95
31 91 86
54 38 30
68 58 65
18 100 0
53 53 52
98 41 24
79 75 86
34 72 53
72 6 92
16 83 64
49 44 68
75 67 60
42 10 3
84 99 25
77 73 38
16 28 59
99 20 67
28 42 86
67 11 39
41 99 73
85 1 6
77 61 35
35 42 85
85 7 1
5 63 44
98 80 16
78 99 0
96 34 5
36 8 3
94 61 37
20 7 30
45 76 56
71 34 17
38 13 91
88 59 40
58 28 33
80 2 65
36 65 68
30 26 20
88 48 55
43 40 9
97 84 1
33 56 46
25 24 71
17 3 87
33 78 67
38 41 70
11 89 64
23 69 1
47 97 12
62 6 91
92 62 56
89 4 86
4 19 47
60 30 91
39 75 33
58 5 30
21 34 58
42 92 12
55 18 67
9 86 81
10 37 19
13 23 91
96 84 37
26 53 27
97 60 21
1 93 24
41 93 94
39 48 52
44 5 24
49 41 31
39 100 4
17 52 76
57 81 56
83 95 83
31 5 52
14 87 15
11 46 10
4 19 23
41 54 4
74 69 42
38 82 70
66 10 41
42 49 24
77 40 35
13 17 33
92 20 15
28 90 78
100 61 88
2 22 100
63 39 14
1 56 22
39 77 14
87 94 85
38 58 17
87 98 41
32 17 87
15 71 9
5 24 57
23 93 25
70 45 75
7 74 93
58 18 87
51 14 61
37 8 73
22 24 64
24 74 78
77 0 34
50 81 72
87 43 71
8 70 84
5 59 83
8 100 8
8 20 44
83 61 21
33 5 99
90 3 47
53 100 7
51 95 41
97 86 92
64 82 84
2 35 73
51 23 35
86 18 38
83 7 16
79 17 60
12 15 82
56 20 80
25 67 67
31 71 77
76 62 69
85 98 14
12 50 35
56 62 99
20 54 35
53 56 19
52 3 68
79 88 40
0 23 24
31 88 14
7 27 67
71 17 30
71 57 48
67 0 82
68 24 4
84 89 88
29 51 90
49 91 59
73 18 36
89 48 19
80 11 92
80 23 55
52 4 5
31 22 2
10 18 30
85 18 87
25 27 41
12 94 51
32 93 38
22 88 99
97 11 67
64 17 84
12 4 97
80 23 6
29 28 83
36 35 30
56 42 99
52 90 17
1 65 99
38 3 45
90 78 78
32 85 38
0 16 13
16 7 78
67 31 37
90 88 37
34 56 77
8 81 14
46 81 36
45 56 42
41 19 52
81 54 0
14 66 76
86 47 90
44 43 63
0 35 94
85 7 57
30 49 53
52 88 86
47 1 15
29 65 86
90 22 22
13 2 78
88 40 14
53 45 90
95 94 84
26 48 42
5 98 26
86 54 81
24 13 7
94 69 50
49 88 1
2 19 4
7 5 48
24 15 17
2 66 17
52 43 35
79 70 74
89 65 50
76 34 30
88 7 12
6 37 72
100 26 13
33 79 64
68 99 19
15 88 97
89 27 38
10 13 77
29 19 87
84 5 73
18 85 16
64 57 74
58 90 86
69 56 94
46 12 51
57 51 4
92 58 23
94 17 95
75 38 87
64 47 98
6 50 23
1 71 55
36 4 55
23 28 2
52 86 64
10 57 32
87 66 57
10 13 49
71 73 1
13 88 47
69 9 78
3 82 3
36 21 50
25 80 61
24 93 74
88 4 5
80 10 19
71 66 83
43 32 57
13 25 49
98 40 70
48 52 87
43 11 31
52 87 34
3 90 70
83 65 40
62 89 48
38 86 10
2 42 69
85 54 88
23 100 35
19 28 23
72 37 64
5 12 37
96 43 34
59 13 64
79 92 64
91 38 68
92 29 45
85 59 49
82 77 5
99 37 36
91 76 13
10 67 43
51 44 74
24 28 47
61 47 71
19 98 72
82 35 10
35 76 70
94 51 44
30 16 39
52 20 42
12 8 15
30 6 76
55 27 93
27 27 8
45 80 22
29 74 55
28 81 41
39 16 78
9 8 97
85 13 94
51 14 31
97 96 76
77 36 30
83 86 51
66 34 59
62 17 14
69 89 24
17 77 59
7 18 18
45 62 29
84 59 91
84 67 54
71 78 40
70 7 34
13 40 59
18 44 11
46 2 80
95 52 53
39 89 94
35 0 39
30 11 94
79 47 13
28 45 61
18 55 69
49 47 44
98 94 24
10 6 89
54 16 12
55 24 81
29 1 84
7 24 87
43 3 54
38 47 56
100 7 87
12 7 28
93 92 75
89 26 74
100 81 29
94 72 9
27 66 80
7 73 1
85 84 71
66 65 56
48 38 49
63 23 58
88 34 75
69 97 58
81 36 44
74 55 99
45 16 42
30 59 54
54 67 89
98 92 26
3 90 63
78 100 65
24 46 13
13 57 5
24 49 42
49 21 100
26 62 15
48 35 45
17 26 49
13 89 97
100 64 37
55 50 52
45 32 1
51 59 24
73 50 55
72 19 15
76 43 52
94 63 27
59 20 94
6 82 79
80 47 6
91 31 81
12 58 36
42 84 81
90 40 46
49 37 76
71 97 20
88 73 48
5 99 98
38 61 91
72 10 64
33 23 95
8 100 57
53 76 80
42 7 11
92 56 84
45 14 84
31 8 68
24 13 52
5 48 66
79 47 39
26 34 77
48 33 61
32 24 43
77 14 43
74 42 86
47 56 7
17 22 61
84 93 29
82 87 55
37 97 12
68 13 51
73 50 87
42 97 9
44 65 79
29 72 80
50 9 86
96 59 90
21 24 60
48 46 61
22 44 77
0 10 38
33 53 97
38 70 28
16 52 34
54 90 75
79 81 68
97 54 14
85 22 90
72 77 100
41 4 53
26 35 6
31 93 100
79 44 72
46 46 84
87 48 8
93 1 63
32 82 27
0 9 15
23 87 70
89 69 51
54 50 30
95 61 83
48 50 38
26 41 33
55 20 26
73 28 42
96 10 6
96 83 55
33 82 28
46 32 30
61 5 63
14 11 66
86 13 6
13 89 71
10 80 91
8 50 44
27 60 55
72 100 40
56 0 24
94 33 70
9 79 11
99 34 12
34 91 4
90 26 26
77 32 54
18 57 75
77 37 18
10 95 32
69 53 8
83 45 3
73 2 67
61 28 97
37 62 88
68 11 51
88 25 74
39 50 61
33 83 40
