1000
60 53 14
72 91 62
64 38 48
66 20 100
81 51 20
83 66 89
70 21 90
33 71 52
6 26 24
95 89 74
22 76 54
46 31 11
86 90 9
39 5 48
53 26 42
74 51 48
78 85 4
26 12 1
4 96 27
84 86 47
3 76 59
9 17 52
45 63 62
17 93 49
79 58 9
38 1 6
67 79 41
87 56 49
24 96 72
0 86 68
77 34 91
18 69 97
92 44 56
41 15 71
41 22 70
73 98 82
86 61 43
62 25 19
54 85 56
47 71 52
45 10 78
82 18 14
1 65 98
16 21 75
93 71 87
6 99 83
42 77 11
81 9 51
96 20 77
80 78 47
76 37 4
79 49 19
1 24 72
98 82 85
60 10 73
24 46 5
96 11 13
52 33 1
72 91 88
21 21 15
23 88 94
67 81 26
9 93 96
32 41 9
91 8 65
16 82 16
85 23 60
51 26 14
6 63 48
74 27 8
40 28 23
89 5 73
93 12 90
15 78 52
94 57 11
58 9 0
83 35 32
10 40 79
29 56 98
53 86 98
75 89 16
47 16 54
12 53 80
73 7 57
29 18 4
97 79 74
77 50 2
58 48 3
81 93 51
88 10 48
65 88 60
10 44 45
10 54 97
54 89 50
25 21 94
27 23 41
7 2 26
31 59 82
50 14 54
16 73 83
99 18 39
47 6 45
47 0 18
94 56 43
65 4 59
53 76 73
24 60 91
100 20 5
24 41 43
13 91 66
61 46 92
18 75 81
9 28 67
79 3 46
51 44 39
64 67 63
18 59 3
92 64 31
78 38 98
71 24 82
67 17 89
26 35 26
53 7 35
31 24 84
11 6 36
67 87 10
99 54 48
82 8 56
30 79 99
60 76 55
83 41 90
71 54 20
18 54 1
50 45 55
50 37 38
100 86 99
53 76 79
71 30 81
49 44 87
18 72 49
95 57 72
46 66 45
81 52 12
76 70 13
77 91 23
51 85 27
82 21 83
3 60 4
68 60 37
15 10 57
59 74 81
8 54 50
42 72 64
49 65 35
15 67 5
98 74 72
48 91 67
98 14 98
74 28 73
51 83 99
9 48 66
82 24 64
43 2 62
48 46 86
67 28 7
58 44 52
0 11 0
47 82 70
10 59 83
23 9 76
12 8 5
38 81 86
44 21 50
56 58 66
81 99 13
72 88 24
79 11 85
84 37 87
44 40 55
76 33 65
16 80 8
89 51 15
75 98 69
18 65 3
24 25 30
95 7 38
61 3 7
88 45 34
14 77 2
59 92 48
8 66 33
74 11 45
98 23 30
61 34 16
44 93 32
54 13 70
79 19 52
46 32 64
28 96 53
82 39 58
50 84 83
49 4 9
67 70 12
21 1 89
81 92 95
64 24 90
17 57 89
24 99 19
2 83 43
49 65 88
14 100 24
34 73 10
18 23 82
56 43 30
3 76 20
89 34 41
45 25 28
71 21 26
4 89 80
92 57 39
81 49 55
60 4 43
96 40 61
25 50 69
92 98 59
81 4 14
45 12 89
21 66 30
42 55 91
82 70 82
7 96 38
22 55 72
84 20 86
73 75 51
46 39 7
46 91 81
3 20 7
51 51 11
62 72 29
0 47 1
93 50 43
40 29 65
85 63 34
7 88 25
21 23 10
56 91 47
51 99 11
100 93 77
28 44 12
3 95 68
51 59 57
100 2 72
10 51 13
86 81 95
39 72 92
77 82 99
13 1 75
65 35 64
32 80 92
86 6 25
11 69 43
11 14 49
8 29 78
85 40 50
7 30 100
24 86 31
63 81 16
51 42 92
73 12 16
88 37 27
63 13 11
1 12 96
72 24 83
39 64 4
38 3 44
24 69 98
71 94 70
35 58 35
14 41 72
41 37 97
75 40 78
11 29 34
36 97 27
88 17 75
41 42 7
23 69 30
80 42 74
99 7 97
4 30 60
79 19 73
24 42 41
51 43 49
74 74 59
13 28 46
34 21 6
43 73 18
100 26 84
92 56 56
33 3 78
53 17 55
72 6 22
75 1 63
13 35 74
48 30 90
46 6 92
72 5 75
25 42 31
79 15 54
24 66 46
69 36 31
11 61 21
9 37 30
47 88 7
82 5 89
13 77 87
36 31 51
78 3 11
90 100 72
41 100 15
42 65 54
15 12 78
57 98 69
52 47 24
30 60 92
44 47 89
67 4 37
51 32 73
45 94 26
54 79 95
46 63 0
92 57 43
7 1 77
37 12 40
12 77 83
39 57 90
33 87 82
88 62 64
58 16 25
57 77 88
38 57 65
56 90 12
37 71 64
36 27 35
100 53 15
30 7 84
46 48 84
26 5 60
42 48 54
82 82 65
78 16 5
94 15 59
23 34 77
13 55 35
4 12 72
78 97 24
91 74 72
89 0 80
36 36 55
45 4 16
76 89 21
43 40 70
36 87 83
64 64 14
48 63 33
77 40 23
47 13 52
47 45 26
40 68 52
70 45 56
26 69 79
40 32 76
1 53 62
72 91 30
92 9 73
85 100 36
10 86 62
16 100 88
48 42 76
56 29 19
3 80 10
7 26 1
99 60 52
64 43 53
93 9 60
22 22 36
31 91 61
76 43 6
33 64 53
67 77 16
31 43 18
86 52 2
26 41 69
64 97 13
70 59 1
57 26 21
55 42 74
96 41 13
26 83 90
68 32 66
69 22 65
78 3 97
16 34 64
98 13 48
30 87 83
49 21 46
11 42 8
8 81 87
80 3 88
6 83 63
78 86 32
30 32 34
33 63 66
68 92 19
7 58 59
78 48 39
1 16 76
40 65 36
28 18 84
97 82 29
5 83 47
73 86 48
48 34 2
31 21 83
80 36 75
90 21 48
18 99 64
24 99 42
72 1 95
0 79 69
19 17 2
59 54 21
83 42 62
78 34 91
44 8 29
20 1 92
95 26 30
17 4 37
71 92 42
100 73 6
7 95 77
65 97 5
77 52 82
3 33 89
70 45 94
42 69 10
70 94 60
97 45 56
60 31 59
95 49 53
31 15 3
21 45 67
95 29 22
95 99 84
22 96 63
7 37 70
84 1 89
82 83 67
1 62 47
66 71 61
96 7 42
29 23 21
79 55 76
66 35 37
75 92 28
24 54 85
64 85 66
83 86 65
98 64 6
67 73 94
73 42 10
34 6 25
58 3 21
95 88 76
62 97 17
26 10 56
21 73 95
90 50 50
64 51 60
66 10 17
22 83 39
5 59 24
36 75 19
98 24 99
39 92 65
41 56 2
91 22 4
86 15 75
93 73 12
13 50 24
78 88 32
73 77 29
7 44 22
4 61 12
81 15 83
76 53 23
47 84 76
21 82 69
85 83 53
53 16 40
68 42 14
97 92 79
58 36 36
91 87 57
98 91 44
96 10 9
95 37 51
63 52 51
44 92 95
33 83 82
33 5 10
93 29 63
58 21 97
54 46 73
35 60 88
100 6 32
61 1 23
82 97 3
41 32 96
41 0 56
96 24 50
81 58 92
9 6 66
84 57 77
71 59 14
22 91 93
25 46 45
100 83 11
46 8 63
61 10 94
83 64 76
62 51 52
16 94 64
90 50 56
80 16 24
18 73 13
78 43 69
78 17 50
66 76 90
58 12 3
89 82 63
11 60 31
70 92 89
93 55 63
28 32 4
26 45 59
38 35 23
6 85 98
92 21 28
28 33 13
97 96 6
41 96 97
58 54 0
16 69 17
62 53 69
3 78 50
51 64 78
6 89 27
50 79 16
15 32 63
47 13 74
51 86 86
78 39 62
70 87 97
49 41 59
62 9 72
55 39 59
53 22 70
5 38 51
60 43 80
27 96 17
47 84 66
31 66 100
37 42 82
49 48 28
2 100 71
39 22 93
59 35 80
76 27 27
73 67 43
39 67 64
59 52 6
88 45 90
18 18 72
7 78 58
10 0 16
14 82 52
11 27 2
21 16 73
81 80 4
19 73 48
64 5 86
51 25 62
82 78 69
64 24 54
99 94 76
44 71 82
7 77 94
48 62 56
46 72 40
49 28 74
50 61 35
10 37 11
31 40 22
56 54 72
63 69 85
37 5 86
64 6 65
70 84 29
67 41 7
56 6 28
5 87 34
80 38 55
47 87 44
97 69 44
68 91 59
68 30 18
58 100 68
7 9 82
100 81 14
63 77 35
90 38 85
76 46 12
14 38 89
11 61 55
83 54 96
36 91 15
81 29 77
22 72 25
9 31 37
25 72 66
37 90 97
76 51 49
19 0 25
81 77 93
48 42 25
88 66 88
85 6 13
33 89 29
44 54 65
78 60 64
70 4 91
12 15 31
50 11 88
74 25 98
5 23 59
90 85 93
61 45 48
9 56 98
29 95 7
29 33 36
21 7 62
29 51 73
58 9 45
96 25 10
49 95 13
28 19 85
87 48 46
14 29 61
52 87 72
43 40 89
23 57 29
50 81 73
14 26 8
4 12 79
56 87 37
50 89 41
44 67 99
69 56 56
72 57 38
96 25 63
14 41 9
16 58 13
61 1 82
25 39 29
35 51 75
96 69 73
63 6 55
53 59 20
95 100 36
70 33 22
38 31 30
42 6 71
17 6 51
13 80 73
36 86 35
75 44 29
78 89 15
77 21 88
50 36 37
88 79 51
28 95 57
5 94 19
92 90 45
16 71 22
18 40 56
92 9 21
74 27 68
0 72 84
80 71 9
58 73 13
24 63 72
68 36 99
48 0 40
17 98 12
82 95 1
71 90 90
68 68 62
16 77 45
64 13 33
8 50 72
77 91 73
37 83 67
37 45 50
86 57 14
13 21 33
68 72 34
59 3 99
15 67 25
76 15 36
76 3 30
46 0 63
24 31 87
47 13 71
93 77 28
21 60 52
44 38 95
90 44 22
15 55 87
35 20 89
59 98 77
32 45 29
31 71 37
40 10 30
23 97 8
96 65 80
99 41 11
7 64 63
88 78 19
20 48 17
11 39 0
29 33 51
17 56 24
89 97 96
61 23 86
72 19 70
78 31 24
93 52 52
52 54 53
10 33 1
46 94 21
18 5 3
78 88 26
83 31 85
39 68 30
77 51 54
100 6 38
34 64 64
57 48 41
71 40 1
52 98 41
37 18 24
8 22 32
69 3 5
20 73 60
49 96 37
72 86 85
20 94 47
0 53 100
68 43 28
25 14 93
31 81 24
82 35 77
32 68 46
85 84 53
18 58 91
63 68 39
30 9 82
98 81 72
41 46 38
63 35 52
45 81 25
38 19 62
42 42 30
38 37 90
92 28 14
89 9 58
41 79 62
65 22 9
83 94 67
90 61 48
51 73 52
28 33 25
39 42 73
63 15 30
79 62 85
43 97 3
90 19 10
54 3 80
13 46 45
6 48 75
43 95 26
82 9 20
97 1 57
31 66 60
17 87 99
49 28 29
94 60 33
75 100 43
89 62 3
67 39 71
71 50 71
70 17 36
44 24 38
98 13 15
93 83 55
84 64 44
77 33 86
93 61 81
21 27 34
89 97 75
30 52 91
100 100 86
60 29 32
76 94 30
84 82 38
43 92 83
14 89 14
68 65 78
51 84 22
67 36 92
30 93 100
66 34 47
64 58 38
23 39 60
46 59 69
32 10 48
62 93 49
53 75 21
34 68 95
11 61 9
81 30 50
41 9 94
82 40 20
87 17 32
28 60 61
12 49 5
74 78 26
77 13 35
32 92 46
18 67 14
40 17 41
22 88 39
35 42 14
23 55 48
5 33 72
32 57 52
27 15 38
78 24 85
51 34 29
13 73 41
94 41 3
70 97 23
5 66 18
37 41 13
92 14 13
56 30 64
80 99 6
72 81 8
37 78 95
85 74 53
59 100 20
64 90 45
61 77 7
43 42 14
98 19 87
90 41 77
41 47 13
40 83 47
53 42 66
14 39 62
56 86 36
21 71 33
53 77 69
37 85 57
69 31 51
26 35 53
63 11 7
63 91 97
6 90 50
42 93 74
98 9 50
7 7 82
33 90 39
63 15 61
60 15 0
94 77 33
96 10 75
56 53 92
77 99 67
23 0 100
62 64 42
78 37 6
14 47 13
36 93 40
36 14 1
96 57 9
44 54 89
37 2 58
88 100 17
62 34 54
59 45 36
36 86 84
97 25 31
84 13 33
87 86 88
9 35 84
60 24 75
31 14 65
45 64 10
13 94 36
36 36 42
55 80 51
19 46 66
19 97 31
37 13 89
11 32 19
58 41 59
17 6 51
81 100 4
71 35 5
76 48 83
33 74 65
78 86 63
8 76 75
63 0 25
68 42 90
15 65 16
63 88 81
66 11 51
6 57 81
77 37 17
32 60 17
38 77 84
56 58 73
94 84 98
76 94 76
55 6 95
6 91 98
53 82 14
81 31 5
79 31 14
41 45 9
79 28 42
44 6 15
84 90 30
86 7 5
13 3 3
37 10 45
75 87 99
91 26 42
43 21 4
59 15 99
93 50 55
99 19 9
88 37 52
17 64 32
86 32 12
22 8 26
25 88 91
5 74 50
24 73 8
52 11 40
15 91 29
67 38 76
43 61 91
36 45 13
95 11 10
80 15 51
92 18 97
33 34 92
18 43 66
71 87 56
41 33 69
73 28 85
52 40 48
73 8 44
13 23 39
35 0 34
61 63 11
27 82 16
98 94 42
73 90 8
13 89 45
60 10 92
39 100 7
28 95 61
82 55 76
5 3 82
55 67 71
77 40 91
