1000
32 88 71
60 45 99
1 30 27
65 75 31
17 78 81
5 2 1
1 82 96
83 32 100
37 75 100
64 50 76
42 63 83
29 20 49
57 67 61
3 36 89
87 26 30
86 8 51
80 72 90
37 82 9
5 16 50
32 54 47
56 94 44
18 49 10
60 74 1
48 82 65
55 2 16
91 82 37
44 74 88
86 36 76
74 71 60
38 48 8
29 25 77
38 16 41
69 87 62
21 16 99
51 64 49
49 30 73
62 89 36
72 42 73
82 100 12
7 87 17
53 23 39
29 92 19
30 14 34
47 23 72
13 8 21
61 30 51
12 83 83
87 25 93
100 57 14
83 73 49
20 64 94
43 32 88
76 23 84
23 73 91
28 79 89
84 28 34
63 17 72
17 78 82
74 75 83
14 26 60
4 38 33
84 79 34
63 14 59
23 34 12
3 65 61
44 2 33
15 94 95
64 26 73
29 29 84
2 80 50
4 35 43
72 43 99
93 41 51
94 99 84
75 99 19
70 89 36
73 0 11
88 49 29
86 33 39
74 50 80
52 53 41
24 13 50
39 2 11
36 13 84
29 81 8
33 42 39
25 50 64
60 19 21
23 71 3
14 62 30
96 78 86
76 31 62
72 87 37
6 73 63
45 50 92
34 95 31
2 32 94
53 63 29
24 38 39
25 9 59
14 5 8
37 17 95
48 65 73
57 91 47
72 71 40
90 33 56
90 77 2
3 70 61
48 54 2
37 91 85
25 74 42
47 99 14
65 86 35
99 6 34
53 15 33
24 64 79
96 58 63
68 93 42
29 97 43
60 96 95
65 59 42
91 74 8
91 7 14
22 51 28
98 35 62
24 89 97
1 78 99
35 9 100
33 61 5
96 3 54
84 18 9
68 79 43
25 37 96
38 91 88
59 13 69
29 54 90
26 5 81
66 21 28
69 53 47
56 89 13
42 63 45
3 48 85
98 56 54
44 90 2
98 10 71
21 74 4
20 15 4
34 12 61
9 55 3
59 70 80
96 73 40
3 67 61
6 92 67
86 70 34
79 45 48
71 32 4
25 13 69
100 45 24
45 68 68
69 90 30
8 52 83
44 45 16
29 9 87
12 53 84
32 77 21
15 78 42
69 73 18
5 59 71
59 64 16
53 33 81
34 72 0
51 1 0
27 6 70
41 53 77
26 98 94
46 86 95
27 34 35
37 57 94
74 84 50
33 73 6
83 67 33
95 61 14
59 7 30
61 42 17
31 88 53
35 38 30
58 84 13
2 95 2
79 32 30
37 12 55
43 31 63
52 21 69
48 42 90
16 36 77
100 39 20
74 49 35
29 9 11
27 90 91
33 30 77
36 31 98
41 73 46
59 58 39
71 50 44
50 95 67
98 79 83
77 52 26
42 59 52
41 47 97
3 10 34
96 46 95
91 0 46
16 62 18
29 14 79
12 22 100
31 20 18
45 65 82
61 94 27
63 68 73
74 77 74
87 62 42
80 57 89
27 1 84
86 5 13
98 65 84
62 91 0
99 27 60
36 19 67
4 48 61
27 71 1
75 99 2
69 60 6
36 13 95
34 66 63
29 87 76
62 97 78
85 87 67
7 59 43
48 77 29
51 59 63
2 10 73
18 84 43
34 83 67
29 86 16
14 69 100
74 70 52
99 9 50
60 7 19
66 93 27
91 85 3
16 7 38
64 31 39
76 75 48
97 3 25
30 98 70
94 64 77
61 57 48
86 65 95
14 40 8
100 98 23
4 100 85
25 10 65
37 47 98
82 52 21
12 95 14
39 16 49
35 2 45
15 5 37
50 22 41
69 47 44
92 11 54
44 97 100
49 47 0
17 55 100
31 48 25
30 53 89
69 14 80
41 15 39
75 39 61
71 2 8
68 78 22
59 47 65
39 5 16
95 100 11
94 37 97
5 71 16
93 91 29
29 31 91
9 25 42
92 99 23
98 90 93
50 28 97
99 76 83
70 47 16
79 100 19
41 39 89
26 63 93
66 92 28
63 20 42
86 22 18
24 43 19
65 81 2
97 96 56
24 12 45
23 47 81
53 80 40
55 36 40
83 54 5
97 94 47
14 12 25
48 26 90
90 85 75
95 92 51
13 60 63
21 7 23
10 76 6
23 82 16
33 20 100
61 56 32
83 13 92
91 78 34
34 68 78
89 95 81
13 10 36
89 73 85
40 96 78
91 3 16
37 25 43
84 99 88
87 6 66
24 5 84
86 34 32
69 84 6
6 80 16
42 16 58
41 50 33
87 47 1
47 2 8
77 41 48
88 62 85
83 12 46
85 7 1
90 79 90
19 24 33
91 90 32
6 79 89
37 39 86
47 57 93
24 97 32
14 6 24
62 67 46
89 45 88
47 79 36
95 51 21
82 57 61
39 72 57
66 57 34
10 91 17
65 18 12
70 13 87
15 14 68
53 60 32
42 99 13
68 91 27
93 72 6
24 66 34
66 76 6
45 99 28
25 22 81
66 15 72
64 88 77
90 45 44
65 71 24
36 94 80
40 42 68
32 42 20
48 10 20
86 14 65
15 77 83
83 53 95
19 47 1
1 83 51
78 81 92
57 79 38
33 22 6
94 54 56
79 87 73
47 24 73
68 22 34
77 75 51
44 44 13
20 6 67
93 87 81
63 85 12
24 94 73
25 16 83
2 64 98
1 20 97
11 75 83
80 94 33
19 20 4
69 84 20
28 61 83
66 49 10
85 80 28
79 56 54
79 92 97
6 7 19
18 92 39
88 24 43
88 39 95
56 84 19
38 52 100
91 52 96
58 97 70
32 22 14
85 31 61
76 89 21
93 25 84
65 56 43
90 63 94
95 30 61
75 61 75
28 4 41
100 94 34
55 33 9
67 88 19
23 52 70
43 46 99
24 73 53
18 75 62
30 39 50
41 53 14
38 7 32
82 65 31
27 39 49
90 85 81
66 56 32
82 47 25
92 82 75
63 48 66
25 36 88
61 63 16
56 60 13
67 17 83
60 67 93
32 89 74
63 96 71
48 17 30
89 100 100
7 57 56
89 69 35
87 26 4
78 96 63
51 77 68
8 35 55
78 67 6
15 77 65
98 50 10
21 89 45
28 32 37
55 74 10
44 10 2
74 51 57
65 38 45
42 37 22
23 48 27
33 38 86
37 54 96
41 58 97
87 76 63
84 4 0
75 100 8
2 31 66
81 100 72
79 85 39
54 71 13
27 1 4
10 5 37
76 87 61
69 70 98
75 93 12
77 10 96
33 26 69
86 75 71
75 60 30
15 57 47
21 89 38
52 36 17
53 55 73
2 23 11
32 6 13
88 36 69
68 88 32
70 79 73
84 88 10
59 99 21
21 33 58
100 30 54
21 5 54
87 52 55
89 65 80
33 65 65
82 17 76
67 28 6
34 42 25
85 3 21
90 46 91
86 73 95
22 14 14
67 85 62
52 6 33
67 71 11
16 46 95
68 55 0
72 62 33
87 67 65
10 21 38
77 87 10
31 88 16
65 73 2
56 19 73
61 54 26
31 90 60
53 68 91
6 37 4
39 83 39
80 8 63
62 36 67
70 42 94
88 25 27
93 72 85
54 98 15
97 90 86
88 35 6
36 39 61
76 21 92
90 49 76
67 63 83
47 89 18
28 73 53
75 9 28
67 62 22
9 38 73
13 38 11
96 79 90
77 16 44
3 12 32
53 76 95
37 73 82
76 29 26
99 15 72
33 99 56
67 9 7
68 53 84
62 24 47
77 44 48
66 11 44
8 10 35
55 8 71
47 42 74
43 87 2
90 36 94
64 14 2
29 16 10
68 46 53
71 46 44
39 73 22
19 78 29
72 67 88
14 99 36
75 45 29
23 7 22
54 89 68
84 27 56
19 50 86
83 96 26
45 35 26
91 56 38
66 76 28
13 99 6
12 33 3
85 29 60
57 95 18
3 60 24
95 49 95
63 78 94
43 36 87
63 48 72
64 14 46
37 40 53
45 91 56
91 73 19
59 38 29
28 41 42
49 27 64
11 41 19
77 1 27
40 15 60
37 67 22
74 26 67
87 56 44
81 4 41
93 47 69
100 31 84
22 41 39
59 82 6
3 39 29
86 70 62
80 44 82
19 70 87
88 55 44
86 32 27
29 29 77
39 31 60
84 49 62
32 96 22
64 75 87
44 18 44
63 43 37
4 75 63
6 11 3
82 53 83
91 10 85
76 98 5
53 99 6
68 54 90
82 54 59
87 38 98
95 15 53
76 94 43
59 8 23
12 44 55
52 11 89
99 12 14
19 25 7
61 7 89
3 85 16
79 38 8
23 76 90
68 52 55
44 46 56
81 45 55
17 32 38
22 42 81
96 60 36
75 37 50
0 82 75
2 48 24
98 88 25
89 38 38
64 86 9
55 97 48
11 59 37
69 25 7
98 22 69
22 52 86
37 5 90
42 41 59
89 93 94
47 17 33
13 79 96
46 12 47
30 67 99
19 95 74
100 38 3
63 14 42
47 3 71
57 87 39
2 49 72
34 55 59
17 32 0
22 47 80
84 90 6
51 78 72
15 59 34
35 65 36
41 47 75
9 71 5
95 40 23
60 92 4
90 0 43
2 52 48
3 99 36
80 99 92
83 90 29
3 39 44
50 74 86
60 79 4
42 77 93
85 83 85
75 93 77
57 70 10
91 67 55
21 6 47
98 75 52
34 89 4
1 19 92
88 96 60
79 96 48
43 14 67
45 3 99
61 83 7
36 24 13
82 57 26
30 78 21
97 78 34
65 47 26
76 1 38
72 29 70
42 60 77
66 33 38
53 3 68
60 11 56
23 51 29
22 31 16
3 21 30
53 46 61
55 38 48
39 55 53
25 65 0
60 39 73
57 19 45
29 24 39
94 86 56
61 60 15
25 59 76
78 54 41
81 69 3
44 22 38
69 32 94
79 6 81
1 61 63
87 1 30
1 39 26
92 39 6
1 85 30
7 78 18
12 70 19
12 37 66
2 81 62
79 16 91
44 21 1
33 57 39
99 27 14
100 38 42
69 7 95
56 8 51
11 95 99
41 14 99
85 60 87
32 73 93
97 15 22
72 41 86
10 83 33
70 75 33
26 97 97
41 17 36
7 91 62
54 51 11
16 85 87
75 76 20
44 66 79
49 75 80
1 48 48
25 72 62
37 69 85
92 93 41
40 74 39
51 9 25
76 46 32
60 7 28
95 10 22
6 44 28
34 26 81
35 87 10
9 68 34
80 49 79
3 28 6
69 11 23
7 78 57
42 61 78
40 94 81
93 45 7
29 95 94
78 76 49
18 73 11
19 10 0
55 79 69
98 78 100
83 81 42
55 16 5
31 24 83
5 75 100
6 75 99
43 71 41
23 27 75
40 79 33
47 66 2
4 59 31
66 37 36
18 2 10
30 45 89
83 52 63
92 64 72
31 36 37
70 4 18
18 1 84
86 91 45
37 77 100
73 8 6
10 87 4
93 66 69
65 78 66
62 36 19
42 83 21
90 7 79
11 18 20
74 47 3
6 41 47
75 97 65
11 14 53
62 54 46
54 52 76
12 1 4
24 100 52
3 87 32
90 50 81
35 24 3
30 75 13
78 40 85
6 21 90
7 41 55
81 28 28
95 61 40
65 72 56
75 96 19
35 87 43
32 98 4
23 78 48
68 80 75
24 7 31
35 80 21
73 55 4
38 57 74
39 55 59
37 6 70
7 62 63
85 7 85
90 84 12
88 40 11
38 46 53
27 16 72
100 58 78
76 5 24
47 15 11
82 0 47
57 56 21
61 24 34
73 27 68
85 71 97
30 86 13
31 52 59
15 23 23
17 66 30
30 38 16
99 32 100
38 6 37
46 18 8
94 19 22
56 82 44
22 54 2
83 94 67
46 85 2
88 89 74
42 76 15
75 69 22
71 74 28
10 75 93
41 82 75
70 93 61
13 56 84
94 13 99
39 1 61
57 95 11
69 29 88
31 27 7
54 83 100
66 80 68
72 29 76
98 62 40
98 61 54
78 61 38
41 56 33
58 58 28
16 16 99
43 45 2
49 8 47
78 32 5
59 29 38
17 43 74
25 77 77
54 77 31
23 18 91
61 95 98
49 16 86
93 67 43
3 10 62
11 67 32
93 18 30
87 62 62
57 17 47
8 7 48
0 10 4
7 39 61
13 7 99
56 32 38
99 82 18
28 97 47
31 38 99
13 57 74
4 31 52
84 38 19
72 42 80
87 5 29
5 58 6
51 58 34
4 40 99
63 36 23
45 20 93
59 12 90
61 33 31
87 48 31
16 42 18
51 51 80
26 81 92
3 63 73
3 62 83
63 32 21
48 10 15
35 12 73
4 6 63
22 28 48
87 82 95
76 17 79
41 1 3
39 15 40
45 7 44
66 75 75
47 47 15
63 79 57
72 58 15
36 31 13
26 92 6
38 94 45
79 45 65
99 6 71
49 96 9
36 13 61
87 59 41
13 95 17
93 87 33
39 68 16
81 9 12
0 79 83
10 96 21
83 85 58
76 94 48
54 58 47
74 68 41
84 84 57
2 69 46
11 66 81
75 49 89
80 11 39
64 92 27
24 47 63
21 86 81
52 53 50
63 51 57
41 72 35
29 32 40
76 14 61
87 13 98
36 16 42
90 41 83
99 54 79
63 54 36
90 58 31
49 0 3
59 10 84
67 68 27
79 26 41
45 79 2
30 2 57
21 41 66
0 47 46
11 32 7
72 27 82
2 59 96
65 28 84
